59687045
62363604
63164147
65112119
65246181
66429516
68850064
73001591
74872769
75484097
77956574
78171434
79808429
79940098
80138421
80405935
82646886
82730013
83057958
83238235
83710827
84174602
84275860
84822118
85267266
85590600
86378151
86445568
87100824
87112129
87506845
88021836
88091098
88167855
88353724
88474675
88635611
88725167
88786183
88865143
88995400
89139569
89435335
89503683
89544989
89592722
89606170
89615954
89651344
89718166
89806205
89810861
89839768
89886508
89887574
90087829
90097063
90213196
90666108
90735954
91207138
91365699
91553552
91619909
91794544
92215269
92652260
92680260
92697603
92780695
92913299
92982439
93103171
93291362
93302682
93336344
93518146
93706504
93833551
93877290
94102052
94271687
94367212
94474929
94635226
94636251
94763123
95040959
95189976
95295860
95316444
95514655
95517716
95753525
95853201
95932037
95951148
95963141
95990210
96055729
96136842
96196154
96249125
96254837
96259689
96307823
96448061
96532665
96566192
96672593
96680096
96888312
96913329
96933730
97046480
97055896
97295137
97349755
97536017
97567099
97578428
97758799
97860708
97908091
97939269
97981354
97990151
97991260
98021225
98158108
98237079
98238274
98326065
98428157
98508231
98621883
98652950
98697702
98742733
98867136
98897703
98921141
99004337
99015700
99037715
99070793
99345235
99390800
99521924
99638281
99749503
99774612
99873977
99945681
100033137
100041826
100328338
100516161
100601526
100759929
100870710
100891624
100925182
101001778
101020379
101188685
101227033
101386951
101397490
101429902
101499961
101511375
101614634
101642196
101882878
101920372
102074067
102178514
102225123
102903869
103135789
103234372
103325967
103373713
103384093
103395575
103508823
103517028
103703776
103921135
103965129
104163492
104164234
104209014
104273870
104379054
104419204
104595034
104790255
105059812
105126988
105144161
105162527
105169360
105205279
105422453
105453875
105567621
105599419
105693558
105990649
105993903
106042239
106095925
106188488
106366297
106549286
106615762
106647918
106758702
106801478
106902540
106965701
107220505
107221686
107271784
107448706
107477273
107668230
107928640
108074373
108092529
108177975
108402196
108482089
108811613
109008109
109370344
109606792
109656156
109746832
110137514
110248190
110286670
110347166
110521940
110522129
110597605
110631479
110893644
111303405
111452464
111773884
111809584
111945692
112043840
112135293
112265542
112400325
112824332
112855276
113030061
113103749
113104898
113144154
113237152
113860194
113973914
113985005
114193654
114389561
114486403
114549721
115161550
115275751
115480848
115671947
116054681
116069840
116113512
116234301
116593449
116602163
116713684
117000584
117309242
117366112
117466246
117498844
117720500
117726224
117819161
117864702
117902589
117996735
118048816
118599937
118652516
118869069
119258459
119297765
119489041
119604355
119623748
119748879
119755384
119774577
119947302
120391906
120504782
120532624
120572954
120626602
120937641
121127815
121390787
121409184
121796821
121941083
121991929
122437376
122685320
122849139
123336553
123539882
123581692
123742690
123853268
124079208
124625244
124945862
125192320
125400391
125403192
126684443
126960648
127108907
127469545
127635691
127785854
128048270
128185391
128348180
128438384
128601118
128849336
128959993
129098627
129191840
129389523
129445144
129689734
129785095
130225900
130257344
130352941
131330037
131395168
131445825
131484102
131558387
131793086
131885694
131904888
131928804
132579386
132767024
132928432
132972568
133176029
133849957
133923864
134439514
134798371
135455933
136104121
136384128
136537237
136849866
136890634
136890768
136976700
137259152
137752279
138384440
138711940
138838604
139549697
139552788
140221295
141770962
142195797
142405299
142691120
142824826
143135984
143140986
143514932
144434770
146073442